4096
52
94
2
225
209
92
16
159
24
193
52
75
217
255
78
12
141
221
106
6
102
77
67
182
14
127
172
214
82
67
246
109
203
150
140
143
110
80
185
166
135
233
216
88
150
228
150
71
159
7
152
239
70
226
160
250
211
198
66
9
240
127
191
63
114
113
64
25
244
97
65
120
105
184
137
55
197
248
105
153
45
233
104
163
34
166
66
167
77
58
4
172
102
94
254
151
243
26
136
251
78
96
13
52
231
254
223
126
99
124
210
252
123
93
68
210
63
57
138
20
104
97
33
3
183
122
193
157
205
79
200
233
249
6
167
125
29
80
154
87
144
115
176
88
75
206
148
227
16
60
58
190
139
200
103
109
115
32
103
68
92
67
146
176
28
12
124
78
189
176
10
19
196
5
152
145
223
194
119
210
61
49
197
125
110
52
35
144
169
231
97
120
81
187
96
178
11
143
231
107
183
122
121
209
3
62
104
181
213
231
227
10
247
176
133
227
41
182
155
114
142
103
60
95
156
205
237
150
79
39
185
4
195
240
85
170
50
23
74
172
159
96
40
140
206
124
141
57
148
83
58
6
205
152
57
104
229
138
167
98
164
45
143
134
86
86
92
211
118
27
2
150
18
111
44
30
3
102
66
173
232
44
250
231
24
82
56
86
234
232
131
198
35
34
66
130
100
172
92
255
57
239
167
204
160
123
10
206
78
171
6
17
186
223
47
222
166
29
142
101
245
197
107
85
36
33
63
48
147
57
116
55
52
70
50
30
116
122
190
194
56
30
72
41
107
84
191
167
42
70
60
137
146
247
96
243
175
41
23
43
6
65
6
88
75
20
154
255
126
250
251
55
163
155
184
199
34
16
110
127
103
28
198
8
231
22
116
175
132
130
181
65
84
217
241
133
22
210
64
111
0
252
39
15
126
193
176
5
204
222
190
142
165
125
101
5
81
14
55
215
63
182
164
237
66
40
0
248
45
159
152
216
130
21
59
59
173
87
175
128
195
113
148
48
231
131
124
219
93
118
48
47
78
82
21
58
238
28
87
140
210
107
57
44
214
14
83
43
30
15
106
61
215
181
154
67
253
159
85
126
64
243
89
214
98
85
99
110
202
34
189
78
165
7
251
194
222
152
74
34
187
144
71
39
77
124
137
227
195
119
89
123
31
103
24
58
222
6
207
200
136
38
179
164
147
187
174
111
212
171
97
48
45
115
98
30
217
147
97
218
133
52
237
67
146
43
7
164
40
203
20
71
216
36
130
23
61
197
17
28
20
116
246
90
131
101
207
253
81
245
35
24
41
167
135
22
209
0
187
9
218
121
253
45
128
9
255
120
40
129
15
138
88
180
172
161
193
147
54
125
216
29
234
42
76
178
106
158
181
40
228
80
151
186
72
105
178
207
12
246
227
22
26
0
137
240
43
23
51
144
184
163
160
251
50
13
176
134
35
230
251
188
111
152
46
121
250
124
24
47
104
213
21
135
192
90
65
2
44
68
222
210
100
247
134
122
138
222
226
114
66
119
45
12
222
145
178
208
144
222
3
151
153
112
202
48
54
158
210
64
189
176
242
137
30
91
55
34
176
79
118
221
194
85
90
162
211
232
64
219
9
163
62
169
39
202
106
167
15
212
179
103
25
137
81
117
88
152
217
218
115
9
22
145
136
215
97
153
168
243
96
72
121
5
226
200
55
232
198
99
4
166
218
76
46
110
251
65
147
107
248
161
4
254
231
28
76
169
152
251
176
222
121
220
65
87
205
135
179
199
172
220
253
0
199
146
181
218
155
126
234
251
53
27
234
173
71
223
150
83
243
224
137
199
102
28
89
69
251
51
76
243
116
73
34
216
62
184
57
246
208
134
57
111
88
183
228
4
157
28
186
141
189
198
65
56
152
237
251
180
169
49
84
156
8
119
93
237
232
47
183
219
186
33
51
184
137
163
170
57
93
142
230
149
18
254
211
161
186
26
82
124
203
106
30
50
66
185
54
152
196
216
64
111
207
220
233
75
89
5
205
8
84
193
162
61
152
64
10
47
151
100
111
204
28
9
210
106
131
220
228
10
4
33
63
157
19
223
35
190
211
13
157
96
46
246
43
48
70
160
197
13
236
213
128
80
34
99
125
69
254
169
45
206
248
90
60
6
6
169
118
169
102
176
75
169
161
152
42
100
21
50
168
32
66
180
247
149
138
131
220
46
209
175
129
21
251
56
41
78
145
129
134
15
15
135
36
148
114
30
229
71
34
74
27
96
26
182
199
154
19
112
121
176
224
221
172
216
143
114
7
53
7
67
15
150
170
7
51
172
107
217
25
147
17
163
20
44
17
79
194
200
121
23
70
60
200
119
179
230
164
184
221
168
16
61
16
45
197
24
32
111
79
71
17
112
121
64
214
187
96
240
137
249
117
241
145
208
42
236
241
24
204
248
17
105
121
18
73
49
14
75
180
149
115
70
150
133
211
232
193
121
180
87
116
79
214
69
71
3
81
183
89
112
225
119
130
105
164
171
41
158
150
184
12
177
108
170
214
153
96
160
38
134
164
89
52
200
200
77
239
223
248
204
34
16
79
115
3
120
175
167
246
219
111
205
44
33
95
144
230
240
241
88
164
122
187
208
247
68
173
98
169
201
186
68
205
13
192
246
160
201
27
165
132
70
143
173
200
88
210
143
17
253
145
56
73
17
85
22
205
132
214
56
164
62
103
158
173
221
122
28
145
161
215
99
49
227
223
108
109
2
31
67
93
242
243
192
215
18
187
133
27
195
226
88
168
144
195
86
119
176
115
82
13
242
12
105
127
70
230
244
62
244
122
99
138
120
224
61
126
95
38
4
132
192
141
182
139
117
59
70
133
193
165
18
208
178
240
167
81
32
69
182
40
159
51
54
233
126
122
187
221
225
25
165
234
139
55
52
71
121
231
109
104
244
169
188
27
94
196
184
244
85
189
91
105
120
203
12
46
51
150
233
113
145
237
135
203
187
212
17
47
214
213
182
32
49
209
86
217
56
134
147
39
35
192
221
220
114
1
80
95
228
83
103
186
113
143
248
84
207
146
99
37
217
200
2
237
251
219
7
170
201
165
180
19
118
240
72
163
22
44
195
175
71
192
79
10
57
45
98
140
236
206
176
18
43
141
56
25
39
198
105
69
68
189
173
148
43
25
134
133
133
106
218
200
139
90
39
148
82
83
151
123
36
46
51
10
49
149
216
85
77
16
204
97
121
210
238
25
139
95
31
213
144
117
244
180
199
214
195
139
243
55
45
155
254
92
62
148
4
81
210
31
61
209
1
209
7
151
120
116
172
100
231
120
2
108
19
193
169
158
195
149
28
56
58
180
41
205
84
207
33
99
229
205
157
62
115
229
5
80
195
35
184
178
215
194
27
159
157
143
140
128
120
111
217
189
180
116
50
171
98
15
0
160
16
31
5
64
211
16
205
26
57
131
55
185
230
14
86
114
161
207
67
136
182
235
245
2
117
236
77
133
101
99
168
129
200
128
152
123
233
198
159
163
254
47
199
52
138
117
246
81
156
82
139
117
141
16
103
208
129
217
66
36
74
192
71
63
99
117
183
254
161
121
210
55
212
51
22
182
139
113
238
180
150
150
84
194
118
231
14
167
208
93
70
165
29
239
61
43
78
226
236
207
55
49
135
193
103
229
122
37
66
184
8
67
245
143
137
31
13
151
116
191
204
6
9
204
12
47
181
41
78
124
177
153
114
7
127
26
38
102
104
0
224
96
79
150
57
225
18
5
58
138
246
26
29
212
132
46
242
222
138
204
26
33
218
210
24
124
85
216
82
119
27
207
70
66
107
206
59
182
239
241
111
21
89
106
237
255
231
51
189
71
151
174
170
35
113
149
247
28
215
244
100
245
96
153
155
82
172
8
92
109
219
128
34
170
146
247
63
188
115
168
249
176
9
146
13
247
119
25
120
191
84
224
116
58
220
8
243
180
203
62
3
58
87
120
167
142
58
227
215
116
165
61
86
18
24
20
101
202
206
135
215
222
197
47
49
87
140
124
181
72
140
91
129
119
44
194
48
170
93
2
175
254
125
88
36
254
224
160
195
233
4
221
106
152
124
129
90
251
207
214
203
167
208
142
165
39
2
121
150
6
39
211
38
185
34
181
116
147
87
51
221
207
174
128
223
29
116
244
234
110
19
95
221
239
208
39
217
147
203
58
167
255
203
48
219
57
251
19
202
81
120
3
229
18
107
39
46
220
26
238
181
195
53
146
15
210
168
111
205
207
20
124
119
36
16
90
172
220
177
101
6
25
12
207
106
25
98
129
109
109
23
210
213
108
153
42
126
12
89
179
6
137
157
171
27
240
248
180
59
176
214
199
54
243
230
136
77
108
64
24
158
249
163
153
6
56
57
204
2
134
203
222
154
121
231
129
238
104
103
252
14
239
117
234
241
238
124
241
140
24
20
121
20
123
109
222
218
161
62
215
216
83
84
212
10
39
154
232
60
121
81
228
237
99
97
82
63
27
192
82
99
245
179
171
130
176
70
151
191
197
111
65
28
190
52
120
205
186
110
81
248
154
111
232
247
199
159
242
158
73
149
18
126
10
157
225
16
74
128
221
40
113
35
76
34
5
205
77
152
206
14
8
228
253
62
116
108
150
88
40
16
188
61
1
129
176
27
99
249
195
209
132
47
155
198
98
3
116
177
76
37
59
228
79
25
107
124
222
58
167
182
172
141
72
13
25
235
151
126
82
218
142
175
188
40
194
43
12
203
110
21
81
142
137
57
38
26
206
246
252
220
100
53
130
110
160
157
141
79
133
193
131
89
255
73
57
105
85
117
153
8
7
251
198
153
28
209
234
96
144
179
110
214
54
101
133
157
205
15
127
55
3
152
128
117
6
17
44
210
131
166
253
84
197
86
139
247
104
243
174
235
105
1
253
84
100
162
56
74
98
154
14
144
31
151
249
45
79
14
26
130
122
249
226
229
23
29
125
67
125
116
185
177
231
96
57
72
103
189
70
153
55
163
37
35
194
65
187
169
124
20
144
127
184
61
151
142
105
99
94
35
109
243
158
83
160
105
247
22
8
241
126
181
63
46
82
68
230
79
197
130
164
1
221
166
40
234
38
8
178
39
102
113
166
62
92
235
18
66
243
59
246
96
148
44
79
125
161
39
137
82
106
195
221
164
42
170
46
111
126
49
230
4
130
92
46
74
58
216
163
13
143
7
126
16
50
2
169
86
69
245
11
192
6
219
216
126
100
51
245
252
140
92
180
57
40
152
136
159
167
250
169
246
157
115
179
26
64
205
194
1
194
86
86
162
27
170
231
77
247
245
56
193
123
55
45
248
176
72
71
18
198
188
110
6
246
130
69
230
179
246
67
222
71
98
98
64
162
226
49
49
1
41
64
63
36
209
58
154
70
47
65
238
37
14
29
231
60
148
54
27
12
233
210
250
20
64
60
217
191
232
210
254
131
62
17
245
7
216
68
73
211
73
191
82
101
68
230
12
211
113
90
100
98
239
220
125
185
35
154
228
154
149
167
242
109
98
116
227
80
158
109
72
69
26
122
243
244
197
61
182
167
207
202
178
163
218
216
200
81
204
245
66
102
60
198
158
6
201
31
107
42
138
130
112
67
12
13
239
93
44
87
203
56
127
255
128
93
163
74
217
49
151
28
38
216
234
208
173
44
35
170
39
205
172
178
195
238
181
169
22
242
112
57
31
131
92
150
83
199
169
65
186
113
75
46
80
84
218
10
247
255
33
207
229
59
165
76
243
209
227
50
206
40
58
82
244
191
94
45
180
233
91
8
234
253
218
199
74
58
147
253
146
120
83
116
145
1
230
233
128
166
253
130
139
106
187
250
203
90
102
89
7
229
145
100
142
193
146
2
244
155
104
117
182
182
254
85
22
162
131
36
74
26
137
208
155
125
146
56
76
10
12
238
226
27
17
153
100
41
173
26
137
12
18
58
198
101
244
6
158
105
115
115
43
183
206
245
240
190
236
201
124
78
93
159
77
5
101
247
74
80
55
240
162
89
58
102
114
48
36
46
82
214
241
129
72
110
6
115
51
112
34
236
48
76
124
118
78
244
151
192
92
23
84
196
239
95
171
13
144
155
124
16
138
20
177
224
116
219
251
4
67
183
55
30
65
219
167
31
91
14
241
227
89
255
192
44
212
162
37
116
2
118
144
39
205
159
117
166
69
179
250
19
202
150
83
126
219
172
247
238
97
5
246
249
228
203
112
110
42
70
130
182
67
182
249
86
9
239
121
83
205
227
6
204
212
234
238
157
50
101
83
186
176
255
120
246
189
216
114
168
156
185
5
45
163
117
30
10
183
57
193
133
58
195
72
118
54
104
37
211
253
148
208
122
13
101
109
38
43
188
162
153
70
186
66
154
190
152
91
52
199
172
112
149
219
0
167
6
13
62
149
220
180
88
119
198
233
86
245
41
26
225
160
227
237
54
223
108
70
82
133
87
84
12
59
111
253
239
246
171
192
84
140
18
112
82
10
49
192
215
123
99
48
223
94
105
53
82
71
87
62
174
235
168
10
155
76
158
98
192
180
242
52
225
71
128
5
69
164
255
240
142
148
69
174
131
251
252
70
199
131
249
115
153
50
124
70
123
12
28
126
102
100
224
76
157
114
6
229
178
72
214
114
236
59
207
198
38
152
250
210
213
31
72
152
50
120
53
46
55
129
27
105
25
160
181
58
216
213
28
136
218
39
83
73
115
23
121
250
98
35
164
179
47
229
18
222
37
133
127
186
11
192
39
0
201
118
215
49
127
203
2
90
122
251
119
133
130
247
155
197
101
85
18
11
9
131
249
48
97
149
163
209
164
29
214
1
248
20
172
211
180
205
11
2
184
183
132
5
247
24
21
61
48
137
97
221
39
148
234
117
145
202
181
131
51
77
94
180
204
49
147
49
99
46
168
165
195
220
203
28
59
100
172
25
126
193
47
164
123
40
163
30
63
148
222
209
74
75
28
20
95
222
116
183
0
66
74
211
74
179
212
127
216
178
28
131
53
32
254
164
253
121
238
115
15
55
75
135
95
124
213
220
58
135
231
155
57
189
41
107
245
13
128
242
247
115
191
38
148
225
204
59
15
70
70
125
150
70
214
114
154
148
238
79
4
217
138
152
51
40
203
124
117
193
80
192
79
216
63
210
95
192
205
128
28
139
233
52
170
7
103
188
161
91
146
178
199
152
68
135
160
207
113
118
1
79
210
158
134
160
224
122
1
245
34
19
200
84
215
120
118
249
54
65
58
250
77
87
11
92
43
88
122
15
45
184
226
144
153
206
109
195
8
82
127
166
121
179
125
216
44
155
153
41
100
114
56
155
105
243
98
28
59
59
162
143
10
33
72
43
180
219
173
45
130
44
55
175
35
132
4
198
247
118
144
140
43
217
29
121
128
94
255
69
244
209
128
115
95
132
231
11
169
77
241
215
54
103
21
208
167
130
66
2
127
40
177
226
189
30
154
186
118
110
22
69
30
219
159
133
41
228
217
193
225
77
181
59
75
109
122
33
147
137
219
236
235
203
202
167
184
17
116
75
75
83
238
19
187
114
141
81
35
20
129
52
7
28
96
159
194
233
252
253
92
190
66
18
85
148
168
175
39
28
70
166
209
48
220
126
83
146
221
17
117
7
25
15
12
87
94
21
89
18
169
130
149
5
77
28
201
213
114
16
89
160
184
170
73
179
204
11
21
162
26
129
218
34
103
16
100
168
95
81
17
169
124
128
143
57
164
222
175
245
186
187
24
62
29
6
69
148
209
191
142
211
5
231
250
108
87
15
169
37
92
115
4
232
189
59
30
196
136
104
169
220
122
180
208
187
233
220
101
203
72
123
241
175
239
67
128
105
144
134
46
91
236
46
115
69
65
78
24
12
5
83
103
128
135
70
166
168
81
66
85
201
69
214
63
161
16
42
239
79
244
200
85
244
30
64
134
13
55
26
38
209
44
124
11
79
232
243
186
168
178
13
54
213
87
78
83
38
227
243
242
224
242
178
74
55
83
96
253
198
197
93
207
221
176
168
109
33
207
252
32
114
177
210
66
232
247
132
42
203
24
62
100
219
168
169
107
245
67
3
108
211
10
201
118
218
27
244
24
0
247
174
142
138
92
7
252
174
246
241
189
86
141
152
166
230
18
84
200
233
239
204
121
169
108
114
168
41
220
43
163
178
43
3
116
171
87
26
149
11
243
73
62
145
175
54
134
16
238
199
24
166
196
231
214
103
72
136
84
250
106
11
94
245
131
211
118
82
216
7
207
137
28
110
127
67
160
247
167
81
190
157
112
249
199
89
107
197
248
149
193
75
75
198
79
138
177
143
59
112
195
250
125
185
40
250
195
200
225
244
115
226
240
229
94
181
141
104
18
122
122
221
6
127
232
167
51
58
189
196
23
82
71
76
83
225
220
92
57
24
25
169
117
196
72
136
138
146
2
215
143
169
74
105
225
168
43
76
69
28
0
247
254
124
168
254
151
220
53
172
88
137
125
220
173
210
132
241
31
23
137
117
34
230
74
168
160
70
17
40
44
11
40
125
75
20
52
112
187
47
223
145
234
155
106
21
97
108
126
7
216
30
99
37
252
203
62
115
98
151
60
106
236
181
244
215
143
155
70
169
212
20
166
217
209
177
5
194
123
125
43
114
53
153
111
182
148
42
206
20
133
132
179
0
90
49
150
64
88
186
216
209
198
102
190
242
239
244
190
177
255
135
144
213
9
115
93
140
220
184
122
129
37
59
149
165
9
135
184
153
65
113
186
68
52
195
38
189
38
100
62
250
214
219
35
123
97
118
233
0
247
244
23
127
171
239
229
137
50
189
7
194
21
127
195
124
214
237
127
165
49
71
28
197
150
236
158
81
75
219
10
26
72
19
174
172
188
168
38
116
35
222
47
128
189
231
84
157
188
47
51
42
187
254
56
17
167
46
109
215
194
126
154
100
153
250
244
95
243
129
112
45
53
90
210
221
76
140
21
29
116
128
71
43
170
122
76
49
243
30
163
127
204
42
81
58
247
117
206
254
192
15
161
226
76
1
70
80
128
26
221
132
188
78
187
34
245
129
187
138
63
239
248
94
68
43
35
136
32
241
178
17
135
228
93
39
47
138
44
20
174
0
2
172
5
41
45
33
135
235
148
173
144
125
41
187
23
198
106
37
34
17
99
159
178
182
91
51
153
66
78
71
179
247
120
153
106
132
53
151
165
207
