512
52
94
2
225
209
92
16
159
24
193
52
75
217
255
78
12
141
221
106
6
102
77
67
182
14
127
172
214
82
67
246
109
203
150
140
143
110
80
185
166
135
233
216
88
150
228
150
71
159
7
152
239
70
226
160
250
211
198
66
9
240
127
191
63
114
113
64
25
244
97
65
120
105
184
137
55
197
248
105
153
45
233
104
163
34
166
66
167
77
58
4
172
102
94
254
151
243
26
136
251
78
96
13
52
231
254
223
126
99
124
210
252
123
93
68
210
63
57
138
20
104
97
33
3
183
122
193
157
205
79
200
233
249
6
167
125
29
80
154
87
144
115
176
88
75
206
148
227
16
60
58
190
139
200
103
109
115
32
103
68
92
67
146
176
28
12
124
78
189
176
10
19
196
5
152
145
223
194
119
210
61
49
197
125
110
52
35
144
169
231
97
120
81
187
96
178
11
143
231
107
183
122
121
209
3
62
104
181
213
231
227
10
247
176
133
227
41
182
155
114
142
103
60
95
156
205
237
150
79
39
185
4
195
240
85
170
50
23
74
172
159
96
40
140
206
124
141
57
148
83
58
6
205
152
57
104
229
138
167
98
164
45
143
134
86
86
92
211
118
27
2
150
18
111
44
30
3
102
66
173
232
44
250
231
24
82
56
86
234
232
131
198
35
34
66
130
100
172
92
255
57
239
167
204
160
123
10
206
78
171
6
17
186
223
47
222
166
29
142
101
245
197
107
85
36
33
63
48
147
57
116
55
52
70
50
30
116
122
190
194
56
30
72
41
107
84
191
167
42
70
60
137
146
247
96
243
175
41
23
43
6
65
6
88
75
20
154
255
126
250
251
55
163
155
184
199
34
16
110
127
103
28
198
8
231
22
116
175
132
130
181
65
84
217
241
133
22
210
64
111
0
252
39
15
126
193
176
5
204
222
190
142
165
125
101
5
81
14
55
215
63
182
164
237
66
40
0
248
45
159
152
216
130
21
59
59
173
87
175
128
195
113
148
48
231
131
124
219
93
118
48
47
78
82
21
58
238
28
87
140
210
107
57
44
214
14
83
43
30
15
106
61
215
181
154
67
253
159
85
126
64
243
89
214
98
85
99
110
202
34
189
78
165
7
251
194
222
152
74
34
187
144
71
39
77
124
137
227
195
119
89
123
