1024
52
94
2
225
209
92
16
159
24
193
52
75
217
255
78
12
141
221
106
6
102
77
67
182
14
127
172
214
82
67
246
109
203
150
140
143
110
80
185
166
135
233
216
88
150
228
150
71
159
7
152
239
70
226
160
250
211
198
66
9
240
127
191
63
114
113
64
25
244
97
65
120
105
184
137
55
197
248
105
153
45
233
104
163
34
166
66
167
77
58
4
172
102
94
254
151
243
26
136
251
78
96
13
52
231
254
223
126
99
124
210
252
123
93
68
210
63
57
138
20
104
97
33
3
183
122
193
157
205
79
200
233
249
6
167
125
29
80
154
87
144
115
176
88
75
206
148
227
16
60
58
190
139
200
103
109
115
32
103
68
92
67
146
176
28
12
124
78
189
176
10
19
196
5
152
145
223
194
119
210
61
49
197
125
110
52
35
144
169
231
97
120
81
187
96
178
11
143
231
107
183
122
121
209
3
62
104
181
213
231
227
10
247
176
133
227
41
182
155
114
142
103
60
95
156
205
237
150
79
39
185
4
195
240
85
170
50
23
74
172
159
96
40
140
206
124
141
57
148
83
58
6
205
152
57
104
229
138
167
98
164
45
143
134
86
86
92
211
118
27
2
150
18
111
44
30
3
102
66
173
232
44
250
231
24
82
56
86
234
232
131
198
35
34
66
130
100
172
92
255
57
239
167
204
160
123
10
206
78
171
6
17
186
223
47
222
166
29
142
101
245
197
107
85
36
33
63
48
147
57
116
55
52
70
50
30
116
122
190
194
56
30
72
41
107
84
191
167
42
70
60
137
146
247
96
243
175
41
23
43
6
65
6
88
75
20
154
255
126
250
251
55
163
155
184
199
34
16
110
127
103
28
198
8
231
22
116
175
132
130
181
65
84
217
241
133
22
210
64
111
0
252
39
15
126
193
176
5
204
222
190
142
165
125
101
5
81
14
55
215
63
182
164
237
66
40
0
248
45
159
152
216
130
21
59
59
173
87
175
128
195
113
148
48
231
131
124
219
93
118
48
47
78
82
21
58
238
28
87
140
210
107
57
44
214
14
83
43
30
15
106
61
215
181
154
67
253
159
85
126
64
243
89
214
98
85
99
110
202
34
189
78
165
7
251
194
222
152
74
34
187
144
71
39
77
124
137
227
195
119
89
123
31
103
24
58
222
6
207
200
136
38
179
164
147
187
174
111
212
171
97
48
45
115
98
30
217
147
97
218
133
52
237
67
146
43
7
164
40
203
20
71
216
36
130
23
61
197
17
28
20
116
246
90
131
101
207
253
81
245
35
24
41
167
135
22
209
0
187
9
218
121
253
45
128
9
255
120
40
129
15
138
88
180
172
161
193
147
54
125
216
29
234
42
76
178
106
158
181
40
228
80
151
186
72
105
178
207
12
246
227
22
26
0
137
240
43
23
51
144
184
163
160
251
50
13
176
134
35
230
251
188
111
152
46
121
250
124
24
47
104
213
21
135
192
90
65
2
44
68
222
210
100
247
134
122
138
222
226
114
66
119
45
12
222
145
178
208
144
222
3
151
153
112
202
48
54
158
210
64
189
176
242
137
30
91
55
34
176
79
118
221
194
85
90
162
211
232
64
219
9
163
62
169
39
202
106
167
15
212
179
103
25
137
81
117
88
152
217
218
115
9
22
145
136
215
97
153
168
243
96
72
121
5
226
200
55
232
198
99
4
166
218
76
46
110
251
65
147
107
248
161
4
254
231
28
76
169
152
251
176
222
121
220
65
87
205
135
179
199
172
220
253
0
199
146
181
218
155
126
234
251
53
27
234
173
71
223
150
83
243
224
137
199
102
28
89
69
251
51
76
243
116
73
34
216
62
184
57
246
208
134
57
111
88
183
228
4
157
28
186
141
189
198
65
56
152
237
251
180
169
49
84
156
8
119
93
237
232
47
183
219
186
33
51
184
137
163
170
57
93
142
230
149
18
254
211
161
186
26
82
124
203
106
30
50
66
185
54
152
196
216
64
111
207
220
233
75
89
5
205
8
84
193
162
61
152
64
10
47
151
100
111
204
28
9
210
106
131
220
228
10
4
33
63
157
19
223
35
190
211
13
157
96
46
246
43
48
70
160
197
13
236
213
128
80
34
99
125
69
254
169
45
206
248
90
60
6
6
169
118
169
102
176
75
169
161
152
42
100
21
50
168
32
66
180
247
149
138
131
220
46
209
175
129
21
251
56
41
78
145
129
134
15
15
135
36
148
114
30
229
71
34
74
27
96
26
182
199
154
19
112
121
176
224
221
172
216
143
114
7
53
7
67
15
150
170
7
51
172
107
217
25
147
