256
52
94
2
225
209
92
16
159
24
193
52
75
217
255
78
12
141
221
106
6
102
77
67
182
14
127
172
214
82
67
246
109
203
150
140
143
110
80
185
166
135
233
216
88
150
228
150
71
159
7
152
239
70
226
160
250
211
198
66
9
240
127
191
63
114
113
64
25
244
97
65
120
105
184
137
55
197
248
105
153
45
233
104
163
34
166
66
167
77
58
4
172
102
94
254
151
243
26
136
251
78
96
13
52
231
254
223
126
99
124
210
252
123
93
68
210
63
57
138
20
104
97
33
3
183
122
193
157
205
79
200
233
249
6
167
125
29
80
154
87
144
115
176
88
75
206
148
227
16
60
58
190
139
200
103
109
115
32
103
68
92
67
146
176
28
12
124
78
189
176
10
19
196
5
152
145
223
194
119
210
61
49
197
125
110
52
35
144
169
231
97
120
81
187
96
178
11
143
231
107
183
122
121
209
3
62
104
181
213
231
227
10
247
176
133
227
41
182
155
114
142
103
60
95
156
205
237
150
79
39
185
4
195
240
85
170
50
23
74
172
159
96
40
140
206
124
141
57
148
83
58
6
205
152
57
104
